flowermd.base.simulation.Simulation.timestep flowermd.base.simulation.Simulation.tps md.compute.ThermodynamicQuantities.kinetic_temperature md.compute.ThermodynamicQuantities.potential_energy md.compute.ThermodynamicQuantities.kinetic_energy md.compute.ThermodynamicQuantities.volume md.compute.ThermodynamicQuantities.pressure md.pair.LJ.energy md.bond.Harmonic.energy md.angle.Harmonic.energy
                     0                                       0.00000                                        2.94728                                             4.42608e+03                                        7.95323e+03                                   8.09458e+04                                  0.06550                       -0.00881             50.83586               4.37525e+03       
                    1000                                   1.32021e+03                                      3.63171                                             2.56086e+03                                        9.80018e+03                                   8.09458e+04                                  0.07628                       -0.00886             269.88659              2.29099e+03       
                    2000                                   1.63257e+03                                      3.96746                                             1.60641e+03                                        1.07062e+04                                   8.09458e+04                                  0.07023                       -0.00906             815.92614               790.49294        
                    3000                                   1.77034e+03                                      3.76081                                             2.05068e+03                                        1.01486e+04                                   8.09458e+04                                  0.04322                       -0.00924            1.45151e+03              599.17700        
                    4000                                   1.82393e+03                                      3.11940                                             3.63617e+03                                        8.41769e+03                                   8.09458e+04                                  0.00169                       -0.00937            1.96482e+03             1.67136e+03       
                    5000                                   1.85360e+03                                      2.36907                                             5.53996e+03                                        6.39294e+03                                   8.09458e+04                                 -0.04082                       -0.00944            2.24412e+03             3.29585e+03       
                    6000                                   1.88718e+03                                      1.84378                                             6.88804e+03                                        4.97544e+03                                   8.09458e+04                                 -0.07078                       -0.00950            2.26785e+03             4.62019e+03       
                    7000                                   1.86293e+03                                      1.72723                                             7.17975e+03                                        4.66094e+03                                   8.09458e+04                                 -0.08045                       -0.00953            2.09552e+03             5.08424e+03       
                    8000                                   1.89117e+03                                      2.00969                                             6.43531e+03                                        5.42315e+03                                   8.09458e+04                                 -0.06997                       -0.00958            1.86076e+03             4.57456e+03       
                    9000                                   1.91190e+03                                      2.52162                                             5.11504e+03                                        6.80460e+03                                   8.09458e+04                                 -0.04629                       -0.00962            1.71320e+03             3.40185e+03       
                   10000                                   1.90527e+03                                      3.01688                                             3.87743e+03                                        8.14105e+03                                   8.09458e+04                                 -0.01965                       -0.00966            1.71823e+03             2.15921e+03       
                   11000                                   1.92334e+03                                      3.30881                                             3.20259e+03                                        8.92882e+03                                   8.09458e+04                                  0.00138                       -0.00970            1.80477e+03             1.39783e+03       
                   12000                                   1.93343e+03                                      3.43936                                             2.95230e+03                                        9.28110e+03                                   8.09458e+04                                  0.01498                       -0.00973            1.83317e+03             1.11914e+03       
                   13000                                   1.94836e+03                                      3.54894                                             2.73448e+03                                        9.57682e+03                                   8.09458e+04                                  0.02275                       -0.00974            1.73215e+03             1.00234e+03       
                   14000                                   1.95443e+03                                      3.58697                                             2.67670e+03                                        9.67944e+03                                   8.09458e+04                                  0.02231                       -0.00974            1.57320e+03             1.10351e+03       
                   15000                                   1.96578e+03                                      3.42144                                             3.13157e+03                                        9.23277e+03                                   8.09458e+04                                  0.01026                       -0.00976            1.51416e+03             1.61742e+03       
                   16000                                   1.97475e+03                                      3.03806                                             4.15020e+03                                        8.19820e+03                                   8.09458e+04                                 -0.01213                       -0.00983            1.66348e+03             2.48672e+03       
                   17000                                   1.97876e+03                                      2.56926                                             5.39967e+03                                        6.93315e+03                                   8.09458e+04                                 -0.03799                       -0.00994            1.98061e+03             3.41907e+03       
                   18000                                   1.98980e+03                                      2.21568                                             6.35837e+03                                        5.97902e+03                                   8.09458e+04                                 -0.05788                       -0.01005            2.29819e+03             4.06019e+03       
                   19000                                   1.99872e+03                                      2.13521                                             6.60929e+03                                        5.76186e+03                                   8.09458e+04                                 -0.06442                       -0.01018            2.44301e+03             4.16629e+03       
                   20000                                   2.00733e+03                                      2.36030                                             6.07076e+03                                        6.36928e+03                                   8.09458e+04                                 -0.05579                       -0.01029            2.35053e+03             3.72024e+03       
                   21000                                   2.01564e+03                                      2.77931                                             5.04807e+03                                        7.49997e+03                                   8.09458e+04                                 -0.03649                       -0.01040            2.09224e+03             2.95584e+03       
                   22000                                   2.02336e+03                                      3.20180                                             4.04595e+03                                        8.64006e+03                                   8.09458e+04                                 -0.01484                       -0.01052            1.81648e+03             2.22949e+03       
                   23000                                   2.02945e+03                                      3.48367                                             3.42823e+03                                        9.40069e+03                                   8.09458e+04                                  0.00172                       -0.01066            1.65934e+03             1.76890e+03       
                   24000                                   2.03575e+03                                      3.60319                                             3.22712e+03                                        9.72320e+03                                   8.09458e+04                                  0.00985                       -0.01081            1.67902e+03             1.54812e+03       
                   25000                                   2.03992e+03                                      3.56569                                             3.41304e+03                                        9.62202e+03                                   8.09458e+04                                  0.00873                       -0.01100            1.84004e+03             1.57301e+03       
                   26000                                   2.04521e+03                                      3.38336                                             3.95257e+03                                        9.13000e+03                                   8.09458e+04                               -5.17688e-04                     -0.01120            2.04616e+03             1.90642e+03       
                   27000                                   2.05014e+03                                      3.12393                                             4.67491e+03                                        8.42994e+03                                   8.09458e+04                                 -0.01421                       -0.01140            2.19937e+03             2.47556e+03       
                   28000                                   2.05380e+03                                      2.86471                                             5.38814e+03                                        7.73041e+03                                   8.09458e+04                                 -0.02790                       -0.01160            2.24854e+03             3.13961e+03       
                   29000                                   2.05884e+03                                      2.69946                                             5.85304e+03                                        7.28450e+03                                   8.09458e+04                                 -0.03707                       -0.01176            2.20461e+03             3.64844e+03       
                   30000                                   2.06262e+03                                      2.67703                                             5.94583e+03                                        7.22396e+03                                   8.09458e+04                                 -0.03919                       -0.01193            2.12281e+03             3.82303e+03       
                   31000                                   2.06628e+03                                      2.79412                                             5.67803e+03                                        7.53994e+03                                   8.09458e+04                                 -0.03414                       -0.01215            2.06424e+03             3.61380e+03       
                   32000                                   2.07073e+03                                      2.99389                                             5.20036e+03                                        8.07902e+03                                   8.09458e+04                                 -0.02409                       -0.01239            2.05523e+03             3.14514e+03       
                   33000                                   2.06980e+03                                      3.21266                                             4.67617e+03                                        8.66935e+03                                   8.09458e+04                                 -0.01199                       -0.01271            2.07027e+03             2.60591e+03       
                   34000                                   2.07005e+03                                      3.41006                                             4.20148e+03                                        9.20206e+03                                   8.09458e+04                               -4.47452e-04                     -0.01308            2.05619e+03             2.14530e+03       
                   35000                                   2.06590e+03                                      3.52759                                             3.91998e+03                                        9.51921e+03                                   8.09458e+04                                  0.00757                       -0.01351            1.98342e+03             1.93657e+03       
                   36000                                   2.06316e+03                                      3.53458                                             3.90450e+03                                        9.53806e+03                                   8.09458e+04                                  0.01011                       -0.01398            1.88056e+03             2.02395e+03       
                   37000                                   2.06267e+03                                      3.42124                                             4.18087e+03                                        9.23222e+03                                   8.09458e+04                                  0.00648                       -0.01451            1.81988e+03             2.36101e+03       
                   38000                                   2.06411e+03                                      3.23036                                             4.64293e+03                                        8.71713e+03                                   8.09458e+04                                 -0.00171                       -0.01509            1.86004e+03             2.78291e+03       
                   39000                                   2.06718e+03                                      2.99959                                             5.20331e+03                                        8.09439e+03                                   8.09458e+04                                 -0.01196                       -0.01573            1.99419e+03             3.20914e+03       
                   40000                                   2.06838e+03                                      2.81453                                             5.64440e+03                                        7.59502e+03                                   8.09458e+04                                 -0.02008                       -0.01632            2.14654e+03             3.49788e+03       
                   41000                                   2.06681e+03                                      2.74541                                             5.78405e+03                                        7.40849e+03                                   8.09458e+04                                 -0.02251                       -0.01677            2.22060e+03             3.56347e+03       
                   42000                                   2.06421e+03                                      2.82013                                             5.54761e+03                                        7.61013e+03                                   8.09458e+04                                 -0.01775                       -0.01712            2.16076e+03             3.38686e+03       
                   43000                                   2.06355e+03                                      2.99957                                             5.03584e+03                                        8.09435e+03                                   8.09458e+04                                 -0.00733                       -0.01743            1.98646e+03             3.04940e+03       
                   44000                                   2.06216e+03                                      3.20713                                             4.44615e+03                                        8.65445e+03                                   8.09458e+04                                  0.00517                       -0.01780            1.78318e+03             2.66298e+03       
                   45000                                   2.05951e+03                                      3.35743                                             3.99719e+03                                        9.06003e+03                                   8.09458e+04                                  0.01555                       -0.01828            1.65429e+03             2.34292e+03       
                   46000                                   2.05893e+03                                      3.38301                                             3.86257e+03                                        9.12907e+03                                   8.09458e+04                                  0.02058                       -0.01891            1.65895e+03             2.20364e+03       
                   47000                                   2.05691e+03                                      3.28868                                             4.02989e+03                                        8.87452e+03                                   8.09458e+04                                  0.01991                       -0.01967            1.77605e+03             2.25386e+03       
                   48000                                   2.05664e+03                                      3.12493                                             4.37177e+03                                        8.43261e+03                                   8.09458e+04                                  0.01550                       -0.02053            1.91828e+03             2.45351e+03       
                   49000                                   2.05904e+03                                      2.95186                                             4.73734e+03                                        7.96560e+03                                   8.09458e+04                                  0.01020                       -0.02151            1.98701e+03             2.75035e+03       
                   50000                                   2.06134e+03                                      2.83675                                             4.95376e+03                                        7.65497e+03                                   8.09458e+04                                  0.00702                       -0.02251            1.93228e+03             3.02151e+03       
                   51000                                   2.06327e+03                                      2.81002                                             4.94186e+03                                        7.58284e+03                                   8.09458e+04                                  0.00746                       -0.02355            1.78100e+03             3.16088e+03       
                   52000                                   2.06455e+03                                      2.84521                                             4.77205e+03                                        7.67779e+03                                   8.09458e+04                                  0.01088                       -0.02461            1.61638e+03             3.15570e+03       
                   53000                                   2.06702e+03                                      2.90290                                             4.54811e+03                                        7.83347e+03                                   8.09458e+04                                  0.01585                       -0.02578            1.52174e+03             3.02639e+03       
                   54000                                   2.06858e+03                                      2.94642                                             4.36634e+03                                        7.95092e+03                                   8.09458e+04                                  0.02089                       -0.02716            1.52621e+03             2.84015e+03       
                   55000                                   2.06996e+03                                      2.97423                                             4.22912e+03                                        8.02596e+03                                   8.09458e+04                                  0.02558                       -0.02901            1.59090e+03             2.63825e+03       
                   56000                                   2.07128e+03                                      3.00405                                             4.08729e+03                                        8.10642e+03                                   8.09458e+04                                  0.03016                       -0.03161            1.64201e+03             2.44531e+03       
                   57000                                   2.07028e+03                                      3.04041                                             3.92680e+03                                        8.20453e+03                                   8.09458e+04                                  0.03445                       -0.03528            1.62549e+03             2.30135e+03       
                   58000                                   2.07046e+03                                      3.04305                                             3.85480e+03                                        8.21166e+03                                   8.09458e+04                                  0.03716                       -0.04022            1.54462e+03             2.31022e+03       
                   59000                                   2.07034e+03                                      2.99799                                             3.90981e+03                                        8.09008e+03                                   8.09458e+04                                  0.03758                       -0.04632            1.45542e+03             2.45443e+03       
                   60000                                   2.07126e+03                                      2.90182                                             4.10468e+03                                        7.83055e+03                                   8.09458e+04                                  0.03560                       -0.05308            1.42381e+03             2.68092e+03       
                   61000                                   2.07159e+03                                      2.77589                                             4.38743e+03                                        7.49074e+03                                   8.09458e+04                                  0.03214                       -0.05993            1.48265e+03             2.90484e+03       
                   62000                                   2.07064e+03                                      2.66036                                             4.65553e+03                                        7.17897e+03                                   8.09458e+04                                  0.02888                       -0.06680            1.61576e+03             3.03983e+03       
                   63000                                   2.06939e+03                                      2.59851                                             4.79605e+03                                        7.01207e+03                                   8.09458e+04                                  0.02761                       -0.07403            1.76984e+03             3.02628e+03       
                   64000                                   2.06785e+03                                      2.59796                                             4.78997e+03                                        7.01060e+03                                   8.09458e+04                                  0.02891                       -0.08228            1.88413e+03             2.90593e+03       
                   65000                                   2.06808e+03                                      2.64828                                             4.66536e+03                                        7.14637e+03                                   8.09458e+04                                  0.03239                       -0.09171            1.92034e+03             2.74510e+03       
                   66000                                   2.06857e+03                                      2.72747                                             4.47998e+03                                        7.36008e+03                                   8.09458e+04                                  0.03690                       -0.10196            1.87995e+03             2.60013e+03       
                   67000                                   2.06900e+03                                      2.80819                                             4.30492e+03                                        7.57790e+03                                   8.09458e+04                                  0.04091                       -0.11291            1.79914e+03             2.50589e+03       
                   68000                                   2.06918e+03                                      2.86237                                             4.21242e+03                                        7.72410e+03                                   8.09458e+04                                  0.04298                       -0.12577            1.72300e+03             2.48954e+03       
                   69000                                   2.06969e+03                                      2.87854                                             4.23042e+03                                        7.76775e+03                                   8.09458e+04                                  0.04253                       -0.14341            1.67748e+03             2.55309e+03       
                   70000                                   2.07046e+03                                      2.86460                                             4.33611e+03                                        7.73011e+03                                   8.09458e+04                                  0.04004                       -0.17035            1.65878e+03             2.67750e+03       
                   71000                                   2.07037e+03                                      2.84605                                             4.46076e+03                                        7.68006e+03                                   8.09458e+04                                  0.03678                       -0.21442            1.64529e+03             2.81569e+03       
                   72000                                   2.06921e+03                                      2.84438                                             4.54735e+03                                        7.67555e+03                                   8.09458e+04                                  0.03395                       -0.28930            1.62153e+03             2.92611e+03       
                   73000                                   2.06788e+03                                      2.87095                                             4.56599e+03                                        7.74725e+03                                   8.09458e+04                                  0.03223                       -0.42186            1.59467e+03             2.97174e+03       
                   74000                                   2.06699e+03                                      2.91502                                             4.54518e+03                                        7.86619e+03                                   8.09458e+04                                  0.03143                       -0.65198            1.59306e+03             2.95277e+03       
                   75000                                   2.06635e+03                                      2.95513                                             4.54108e+03                                        7.97442e+03                                   8.09458e+04                                  0.03081                       -1.06567            1.64556e+03             2.89658e+03       
                   76000                                   2.06729e+03                                      2.97928                                             4.58368e+03                                        8.03958e+03                                   8.09458e+04                                  0.02985                       -1.71896            1.75455e+03             2.83085e+03       
                   77000                                   2.06827e+03                                      2.98898                                             4.66699e+03                                        8.06577e+03                                   8.09458e+04                                  0.02854                       -1.24878            1.88681e+03             2.78143e+03       
                   78000                                   2.06918e+03                                      3.00343                                             4.73845e+03                                        8.10476e+03                                   8.09458e+04                                  0.02724                        0.04156            1.99251e+03             2.74590e+03       
                   79000                                   2.06990e+03                                      3.01558                                             4.81650e+03                                        8.13755e+03                                   8.09458e+04                                  0.02554                        0.17436            2.03801e+03             2.77831e+03       
                   80000                                   2.07084e+03                                      3.02458                                             4.90264e+03                                        8.16182e+03                                   8.09458e+04                                  0.02331                       -2.27555            2.02170e+03             2.88321e+03       
                   81000                                   2.07098e+03                                      3.02426                                             5.01278e+03                                        8.16095e+03                                   8.09458e+04                                  0.02077                       -1.71148            1.96929e+03             3.04520e+03       
                   82000                                   2.06904e+03                                      3.02122                                             5.12886e+03                                        8.15276e+03                                   8.09458e+04                                  0.01787                       -1.48003            1.91927e+03             3.21106e+03       
                   83000                                   2.06810e+03                                      3.00712                                             5.27341e+03                                        8.11472e+03                                   8.09458e+04                                  0.01461                       -1.56066            1.90362e+03             3.37135e+03       
                   84000                                   2.06798e+03                                      2.99096                                             5.42257e+03                                        8.07111e+03                                   8.09458e+04                                  0.01173                        0.50576            1.93367e+03             3.48840e+03       
                   85000                                   2.06839e+03                                      2.99413                                             5.51967e+03                                        8.07965e+03                                   8.09458e+04                                  0.00989                        1.09956            1.99663e+03             3.52194e+03       
                   86000                                   2.06931e+03                                      3.03063                                             5.52769e+03                                        8.17816e+03                                   8.09458e+04                                  0.00968                       -1.54485            2.05870e+03             3.47053e+03       
                   87000                                   2.06956e+03                                      3.09201                                             5.46855e+03                                        8.34378e+03                                   8.09458e+04                                  0.01143                       -1.43989            2.08854e+03             3.38145e+03       
                   88000                                   2.06827e+03                                      3.17411                                             5.35067e+03                                        8.56534e+03                                   8.09458e+04                                  0.01452                       -1.67732            2.08497e+03             3.26738e+03       
                   89000                                   2.06746e+03                                      3.27136                                             5.18474e+03                                        8.82778e+03                                   8.09458e+04                                  0.01818                       -1.84896            2.07485e+03             3.11174e+03       
                   90000                                   2.06569e+03                                      3.34886                                             5.05877e+03                                        9.03689e+03                                   8.09458e+04                                  0.02096                       -0.91829            2.08940e+03             2.97029e+03       
                   91000                                   2.06529e+03                                      3.38580                                             5.02273e+03                                        9.13659e+03                                   8.09458e+04                                  0.02170                       -2.08439            2.13735e+03             2.88747e+03       
                   92000                                   2.06393e+03                                      3.38052                                             5.07768e+03                                        9.12234e+03                                   8.09458e+04                                  0.02070                       -1.91090            2.19638e+03             2.88321e+03       
                   93000                                   2.06225e+03                                      3.35561                                             5.16244e+03                                        9.05511e+03                                   8.09458e+04                                  0.01887                       -1.65206            2.22834e+03             2.93575e+03       
                   94000                                   2.06106e+03                                      3.33113                                             5.22451e+03                                        8.98906e+03                                   8.09458e+04                                  0.01715                       -1.52539            2.20967e+03             3.01636e+03       
                   95000                                   2.06107e+03                                      3.31742                                             5.23768e+03                                        8.95205e+03                                   8.09458e+04                                  0.01602                       -1.62594            2.15280e+03             3.08651e+03       
                   96000                                   2.06179e+03                                      3.31324                                             5.20619e+03                                        8.94078e+03                                   8.09458e+04                                  0.01541                       -1.84618            2.10239e+03             3.10565e+03       
                   97000                                   2.06251e+03                                      3.30373                                             5.17051e+03                                        8.91512e+03                                   8.09458e+04                                  0.01475                       -2.06669            2.10705e+03             3.06553e+03       
                   98000                                   2.06316e+03                                      3.27038                                             5.18172e+03                                        8.82513e+03                                   8.09458e+04                                  0.01346                       -2.11049            2.18398e+03             2.99985e+03       
                   99000                                   2.06320e+03                                      3.22156                                             5.22002e+03                                        8.69338e+03                                   8.09458e+04                                  0.01182                       -1.42648            2.30234e+03             2.91911e+03       
                   100000                                  2.06219e+03                                      3.18443                                             5.21522e+03                                        8.59318e+03                                   8.09458e+04                                  0.01058                       -1.76554            2.39945e+03             2.81753e+03       
                   101000                                  2.06113e+03                                      3.16687                                             5.14787e+03                                        8.54579e+03                                   8.09458e+04                                  0.01017                       -2.69446            2.41801e+03             2.73256e+03       
                   102000                                  2.06113e+03                                      3.16987                                             5.01568e+03                                        8.55390e+03                                   8.09458e+04                                  0.01065                       -2.79745            2.34329e+03             2.67518e+03       
                   103000                                  2.06190e+03                                      3.18492                                             4.84075e+03                                        8.59451e+03                                   8.09458e+04                                  0.01145                       -2.39124            2.21344e+03             2.62969e+03       
                   104000                                  2.06263e+03                                      3.18266                                             4.70168e+03                                        8.58841e+03                                   8.09458e+04                                  0.01138                       -1.47407            2.09622e+03             2.60693e+03       
                   105000                                  2.06291e+03                                      3.14647                                             4.64476e+03                                        8.49076e+03                                   8.09458e+04                                  0.00955                       -2.23199            2.04769e+03             2.59930e+03       
                   106000                                  2.06367e+03                                      3.08080                                             4.66190e+03                                        8.31354e+03                                   8.09458e+04                                  0.00625                       -2.52624            2.08126e+03             2.58317e+03       
                   107000                                  2.06463e+03                                      3.00556                                             4.70417e+03                                        8.11049e+03                                   8.09458e+04                                  0.00236                       -2.29123            2.16280e+03             2.54366e+03       
                   108000                                  2.06543e+03                                      2.93294                                             4.74299e+03                                        7.91454e+03                                   8.09458e+04                                 -0.00132                       -2.00022            2.23235e+03             2.51265e+03       
                   109000                                  2.06530e+03                                      2.87972                                             4.73631e+03                                        7.77091e+03                                   8.09458e+04                                 -0.00398                       -1.76471            2.24058e+03             2.49750e+03       
                   110000                                  2.06609e+03                                      2.84747                                             4.68134e+03                                        7.68389e+03                                   8.09458e+04                                 -0.00545                       -1.65417            2.17841e+03             2.50458e+03       
                   111000                                  2.06700e+03                                      2.83974                                             4.56883e+03                                        7.66304e+03                                   8.09458e+04                                 -0.00584                       -1.73231            2.07896e+03             2.49160e+03       
                   112000                                  2.06747e+03                                      2.83422                                             4.45877e+03                                        7.64813e+03                                   8.09458e+04                                 -0.00603                       -1.93198            1.99356e+03             2.46714e+03       
                   113000                                  2.06814e+03                                      2.82281                                             4.37344e+03                                        7.61735e+03                                   8.09458e+04                                 -0.00651                       -1.78906            1.96157e+03             2.41365e+03       
                   114000                                  2.06896e+03                                      2.79523                                             4.34152e+03                                        7.54292e+03                                   8.09458e+04                                 -0.00764                       -1.20213            1.98899e+03             2.35374e+03       
                   115000                                  2.06986e+03                                      2.75417                                             4.35760e+03                                        7.43214e+03                                   8.09458e+04                                 -0.00935                       -1.88775            2.04777e+03             2.31171e+03       
                   116000                                  2.07059e+03                                      2.72583                                             4.35268e+03                                        7.35566e+03                                   8.09458e+04                                 -0.01069                       -2.35385            2.09608e+03             2.25896e+03       
                   117000                                  2.07119e+03                                      2.71694                                             4.30916e+03                                        7.33165e+03                                   8.09458e+04                                 -0.01135                       -2.42563            2.10570e+03             2.20588e+03       
                   118000                                  2.07199e+03                                      2.71750                                             4.25402e+03                                        7.33317e+03                                   8.09458e+04                                 -0.01168                       -2.32175            2.08029e+03             2.17605e+03       
                   119000                                  2.07218e+03                                      2.72067                                             4.20558e+03                                        7.34172e+03                                   8.09458e+04                                 -0.01217                       -2.25150            2.05092e+03             2.15691e+03       
                   120000                                  2.07183e+03                                      2.70663                                             4.21736e+03                                        7.30384e+03                                   8.09458e+04                                 -0.01352                       -2.03494            2.05256e+03             2.16683e+03       
                   121000                                  2.07011e+03                                      2.67087                                             4.30226e+03                                        7.20735e+03                                   8.09458e+04                                 -0.01581                       -1.66384            2.09949e+03             2.20443e+03       
                   122000                                  2.06924e+03                                      2.62635                                             4.42672e+03                                        7.08720e+03                                   8.09458e+04                                 -0.01848                       -1.44109            2.17642e+03             2.25174e+03       
                   123000                                  2.06925e+03                                      2.59385                                             4.53613e+03                                        6.99952e+03                                   8.09458e+04                                 -0.02064                       -1.41671            2.24897e+03             2.28858e+03       
                   124000                                  2.06735e+03                                      2.58606                                             4.59756e+03                                        6.97848e+03                                   8.09458e+04                                 -0.02165                       -1.54832            2.28552e+03             2.31358e+03       
                   125000                                  2.06623e+03                                      2.60531                                             4.60530e+03                                        7.03043e+03                                   8.09458e+04                                 -0.02131                       -1.78245            2.27685e+03             2.33023e+03       
                   126000                                  2.06574e+03                                      2.64467                                             4.57804e+03                                        7.13664e+03                                   8.09458e+04                                 -0.01990                       -2.03494            2.23975e+03             2.34032e+03       
                   127000                                  2.06510e+03                                      2.69344                                             4.54374e+03                                        7.26825e+03                                   8.09458e+04                                 -0.01786                       -2.17948            2.20416e+03             2.34176e+03       
                   128000                                  2.06383e+03                                      2.74146                                             4.52824e+03                                        7.39784e+03                                   8.09458e+04                                 -0.01567                       -2.15602            2.19303e+03             2.33736e+03       
                   129000                                  2.06307e+03                                      2.78220                                             4.54712e+03                                        7.50778e+03                                   8.09458e+04                                 -0.01356                       -2.11543            2.20752e+03             2.34172e+03       
                   130000                                  2.06320e+03                                      2.82531                                             4.57254e+03                                        7.62409e+03                                   8.09458e+04                                 -0.01122                       -1.98421            2.22775e+03             2.34677e+03       
                   131000                                  2.06137e+03                                      2.87636                                             4.58775e+03                                        7.76186e+03                                   8.09458e+04                                 -0.00840                       -1.70022            2.22914e+03             2.36031e+03       
                   132000                                  2.06145e+03                                      2.93843                                             4.58270e+03                                        7.92936e+03                                   8.09458e+04                                 -0.00509                       -1.46407            2.20317e+03             2.38099e+03       
                   133000                                  2.06168e+03                                      2.99773                                             4.59190e+03                                        8.08938e+03                                   8.09458e+04                                 -0.00187                       -1.38985            2.16730e+03             2.42600e+03       
                   134000                                  2.06143e+03                                      3.04801                                             4.62874e+03                                        8.22507e+03                                   8.09458e+04                                  0.00080                       -1.46120            2.15449e+03             2.47572e+03       
                   135000                                  2.06223e+03                                      3.07812                                             4.71982e+03                                        8.30630e+03                                   8.09458e+04                                  0.00243                       -1.58883            2.19078e+03             2.53062e+03       
                   136000                                  2.06229e+03                                      3.08869                                             4.86048e+03                                        8.33482e+03                                   8.09458e+04                                  0.00303                       -1.67194            2.27681e+03             2.58535e+03       
                   137000                                  2.06296e+03                                      3.09176                                             5.01679e+03                                        8.34310e+03                                   8.09458e+04                                  0.00309                       -1.80253            2.38397e+03             2.63462e+03       
                   138000                                  2.06287e+03                                      3.10121                                             5.15099e+03                                        8.36863e+03                                   8.09458e+04                                  0.00329                       -2.25989            2.46826e+03             2.68499e+03       
                   139000                                  2.06262e+03                                      3.13494                                             5.21498e+03                                        8.45962e+03                                   8.09458e+04                                  0.00433                       -2.95314            2.49593e+03             2.72200e+03       
                   140000                                  2.06248e+03                                      3.19301                                             5.20778e+03                                        8.61634e+03                                   8.09458e+04                                  0.00646                       -0.39866            2.46383e+03             2.74435e+03       
                   141000                                  2.06272e+03                                      3.25513                                             5.18135e+03                                        8.78398e+03                                   8.09458e+04                                  0.00833                       -2.70689            2.40044e+03             2.78362e+03       
                   142000                                  2.06223e+03                                      3.30870                                             5.16556e+03                                        8.92854e+03                                   8.09458e+04                                  0.00972                       -3.49595            2.34814e+03             2.82091e+03       
                   143000                                  2.06161e+03                                      3.33872                                             5.19666e+03                                        9.00953e+03                                   8.09458e+04                                  0.01010                       -2.85257            2.33917e+03             2.86035e+03       
                   144000                                  2.06118e+03                                      3.34632                                             5.26863e+03                                        9.03004e+03                                   8.09458e+04                                  0.00942                       -2.40591            2.37922e+03             2.89181e+03       
                   145000                                  2.05992e+03                                      3.33763                                             5.36375e+03                                        9.00660e+03                                   8.09458e+04                                  0.00805                       -2.33503            2.44737e+03             2.91872e+03       
                   146000                                  2.05913e+03                                      3.32398                                             5.45184e+03                                        8.96975e+03                                   8.09458e+04                                  0.00658                       -2.64606            2.51045e+03             2.94404e+03       
                   147000                                  2.05873e+03                                      3.31431                                             5.50963e+03                                        8.94366e+03                                   8.09458e+04                                  0.00550                       -3.31593            2.54142e+03             2.97152e+03       
                   148000                                  2.05843e+03                                      3.30893                                             5.53700e+03                                        8.92915e+03                                   8.09458e+04                                  0.00498                       -4.25717            2.53433e+03             3.00693e+03       
                   149000                                  2.05801e+03                                      3.31066                                             5.52677e+03                                        8.93381e+03                                   8.09458e+04                                  0.00507                       -4.79754            2.50791e+03             3.02366e+03       
                   150000                                  2.05782e+03                                      3.31236                                             5.49809e+03                                        8.93840e+03                                   8.09458e+04                                  0.00542                       -4.16170            2.49343e+03             3.00882e+03       
                   151000                                  2.05765e+03                                      3.29930                                             5.49077e+03                                        8.90315e+03                                   8.09458e+04                                  0.00536                       -3.91178            2.51357e+03             2.98111e+03       
                   152000                                  2.05782e+03                                      3.26470                                             5.52432e+03                                        8.80980e+03                                   8.09458e+04                                  0.00469                       -4.97010            2.56599e+03             2.96330e+03       
                   153000                                  2.05798e+03                                      3.22151                                             5.56640e+03                                        8.69324e+03                                   8.09458e+04                                  0.00420                       -3.75536            2.62210e+03             2.94805e+03       
                   154000                                  2.05785e+03                                      3.17489                                             5.60604e+03                                        8.56744e+03                                   8.09458e+04                                  0.00424                       -1.30637            2.64301e+03             2.96433e+03       
                   155000                                  2.05793e+03                                      3.14188                                             5.60008e+03                                        8.47835e+03                                   8.09458e+04                                  0.00504                       -3.36849            2.60532e+03             2.99813e+03       
                   156000                                  2.05799e+03                                      3.13543                                             5.51489e+03                                        8.46096e+03                                   8.09458e+04                                  0.00733                       -3.73185            2.51845e+03             3.00017e+03       
                   157000                                  2.05779e+03                                      3.13943                                             5.39378e+03                                        8.47174e+03                                   8.09458e+04                                  0.01054                       -2.21760            2.41789e+03             2.97811e+03       
                   158000                                  2.05754e+03                                      3.13359                                             5.29153e+03                                        8.45599e+03                                   8.09458e+04                                  0.01344                       -2.07330            2.34198e+03             2.95162e+03       
                   159000                                  2.05736e+03                                      3.11000                                             5.23028e+03                                        8.39232e+03                                   8.09458e+04                                  0.01553                       -3.24045            2.31372e+03             2.91980e+03       
                   160000                                  2.05694e+03                                      3.07077                                             5.20649e+03                                        8.28646e+03                                   8.09458e+04                                  0.01710                       -2.67683            2.33012e+03             2.87905e+03       
                   161000                                  2.05684e+03                                      3.02922                                             5.18679e+03                                        8.17435e+03                                   8.09458e+04                                  0.01836                       -2.11236            2.36379e+03             2.82511e+03       
                   162000                                  2.05656e+03                                      2.99223                                             5.15495e+03                                        8.07452e+03                                   8.09458e+04                                  0.01959                       -1.25801            2.37825e+03             2.77796e+03       
                   163000                                  2.05605e+03                                      2.97331                                             5.07590e+03                                        8.02349e+03                                   8.09458e+04                                  0.02110                       -1.73135            2.34679e+03             2.73084e+03       
                   164000                                  2.05571e+03                                      2.96955                                             4.95778e+03                                        8.01333e+03                                   8.09458e+04                                  0.02295                       -1.84765            2.26486e+03             2.69477e+03       
                   165000                                  2.05546e+03                                      2.96289                                             4.84925e+03                                        7.99537e+03                                   8.09458e+04                                  0.02463                       -1.68546            2.15141e+03             2.69953e+03       
                   166000                                  2.05545e+03                                      2.94082                                             4.78500e+03                                        7.93580e+03                                   8.09458e+04                                  0.02574                       -1.62173            2.04102e+03             2.74560e+03       
                   167000                                  2.05576e+03                                      2.91446                                             4.73648e+03                                        7.86468e+03                                   8.09458e+04                                  0.02645                       -1.72222            1.96805e+03             2.77014e+03       
                   168000                                  2.05559e+03                                      2.88295                                             4.70751e+03                                        7.77963e+03                                   8.09458e+04                                  0.02675                       -2.00958            1.95095e+03             2.75857e+03       
                   169000                                  2.05533e+03                                      2.84741                                             4.69681e+03                                        7.68373e+03                                   8.09458e+04                                  0.02676                       -2.49928            1.98465e+03             2.71466e+03       
                   170000                                  2.05538e+03                                      2.81599                                             4.68401e+03                                        7.59894e+03                                   8.09458e+04                                  0.02681                       -2.95104            2.04539e+03             2.64157e+03       
                   171000                                  2.05525e+03                                      2.79330                                             4.65782e+03                                        7.53772e+03                                   8.09458e+04                                  0.02713                       -2.26669            2.10267e+03             2.55741e+03       
                   172000                                  2.05494e+03                                      2.77701                                             4.62528e+03                                        7.49377e+03                                   8.09458e+04                                  0.02753                       -2.96807            2.13060e+03             2.49765e+03       
                   173000                                  2.05409e+03                                      2.76798                                             4.58458e+03                                        7.46940e+03                                   8.09458e+04                                  0.02804                       -3.82987            2.11603e+03             2.47238e+03       
                   174000                                  2.05289e+03                                      2.75522                                             4.56576e+03                                        7.43496e+03                                   8.09458e+04                                  0.02844                       -2.77443            2.06753e+03             2.50101e+03       
                   175000                                  2.05170e+03                                      2.74010                                             4.56568e+03                                        7.39415e+03                                   8.09458e+04                                  0.02840                       -1.67114            2.01460e+03             2.55275e+03       
                   176000                                  2.05151e+03                                      2.71482                                             4.60608e+03                                        7.32595e+03                                   8.09458e+04                                  0.02736                       -3.66690            1.99210e+03             2.61765e+03       
                   177000                                  2.05107e+03                                      2.67467                                             4.70087e+03                                        7.21759e+03                                   8.09458e+04                                  0.02568                       -2.66801            2.02050e+03             2.68304e+03       
                   178000                                  2.05126e+03                                      2.64057                                             4.79504e+03                                        7.12557e+03                                   8.09458e+04                                  0.02386                       -2.10143            2.09122e+03             2.70592e+03       
                   179000                                  2.05118e+03                                      2.63107                                             4.83973e+03                                        7.09996e+03                                   8.09458e+04                                  0.02264                       -2.68354            2.17035e+03             2.67207e+03       
                   180000                                  2.05158e+03                                      2.64538                                             4.83765e+03                                        7.13856e+03                                   8.09458e+04                                  0.02248                       -2.38194            2.21751e+03             2.62252e+03       
                   181000                                  2.05204e+03                                      2.68671                                             4.77992e+03                                        7.25008e+03                                   8.09458e+04                                  0.02345                       -2.38007            2.21001e+03             2.57229e+03       
                   182000                                  2.05241e+03                                      2.74887                                             4.68228e+03                                        7.41781e+03                                   8.09458e+04                                  0.02522                       -2.76746            2.15518e+03             2.52987e+03       
                   183000                                  2.05270e+03                                      2.80373                                             4.61847e+03                                        7.56587e+03                                   8.09458e+04                                  0.02676                       -3.24278            2.08580e+03             2.53591e+03       
                   184000                                  2.05309e+03                                      2.84663                                             4.59844e+03                                        7.68163e+03                                   8.09458e+04                                  0.02759                       -2.92970            2.04335e+03             2.55802e+03       
                   185000                                  2.05306e+03                                      2.87664                                             4.62236e+03                                        7.76260e+03                                   8.09458e+04                                  0.02742                       -2.19954            2.05475e+03             2.56982e+03       
                   186000                                  2.05259e+03                                      2.90339                                             4.66250e+03                                        7.83480e+03                                   8.09458e+04                                  0.02634                       -3.62903            2.11412e+03             2.55202e+03       
                   187000                                  2.05138e+03                                      2.93212                                             4.70344e+03                                        7.91234e+03                                   8.09458e+04                                  0.02493                       -3.70004            2.18552e+03             2.52162e+03       
                   188000                                  2.05128e+03                                      2.95574                                             4.76290e+03                                        7.97606e+03                                   8.09458e+04                                  0.02326                       -3.43175            2.22761e+03             2.53873e+03       
                   189000                                  2.05144e+03                                      2.98088                                             4.82155e+03                                        8.04390e+03                                   8.09458e+04                                  0.02164                       -3.16256            2.22348e+03             2.60123e+03       
                   190000                                  2.05162e+03                                      3.01634                                             4.85464e+03                                        8.13959e+03                                   8.09458e+04                                  0.02031                       -2.93355            2.19198e+03             2.66559e+03       
                   191000                                  2.05200e+03                                      3.05037                                             4.89225e+03                                        8.23142e+03                                   8.09458e+04                                  0.01888                       -2.83729            2.17273e+03             2.72236e+03       
                   192000                                  2.05170e+03                                      3.07233                                             4.96093e+03                                        8.29067e+03                                   8.09458e+04                                  0.01701                       -2.98442            2.20017e+03             2.76374e+03       
                   193000                                  2.05118e+03                                      3.07737                                             5.07186e+03                                        8.30429e+03                                   8.09458e+04                                  0.01463                       -3.23150            2.28414e+03             2.79095e+03       
                   194000                                  2.05099e+03                                      3.07786                                             5.19090e+03                                        8.30561e+03                                   8.09458e+04                                  0.01224                       -3.35256            2.40385e+03             2.79041e+03       
                   195000                                  2.05132e+03                                      3.08456                                             5.28895e+03                                        8.32369e+03                                   8.09458e+04                                  0.01038                       -3.43894            2.51752e+03             2.77487e+03       
                   196000                                  2.05148e+03                                      3.11102                                             5.32945e+03                                        8.39509e+03                                   8.09458e+04                                  0.00953                       -3.74061            2.58397e+03             2.74922e+03       
                   197000                                  2.05109e+03                                      3.15833                                             5.30870e+03                                        8.52275e+03                                   8.09458e+04                                  0.00973                       -4.24566            2.58624e+03             2.72671e+03       
                   198000                                  2.05100e+03                                      3.21418                                             5.25755e+03                                        8.67348e+03                                   8.09458e+04                                  0.01041                       -4.48979            2.54422e+03             2.71782e+03       
                   199000                                  2.05127e+03                                      3.26222                                             5.21672e+03                                        8.80311e+03                                   8.09458e+04                                  0.01076                       -4.67882            2.50373e+03             2.71768e+03       
                   200000                                  2.05158e+03                                      3.28467                                             5.23064e+03                                        8.86369e+03                                   8.09458e+04                                  0.01010                       -4.65360            2.50642e+03             2.72887e+03       
